97 100 60 153 
94 95 74 153 
94 95 74 153 
97 95 57 140 
90 0 0 0 
0 0 0 0 
79 100 227 55 
79 115 227 55 
79 115 227 55 
79 115 227 45 
3 115 217 45 
3 102 209 44 
75 102 209 44 
75 102 209 44 
32 102 209 69 
32 122 207 29 
4 122 207 20 
4 46 202 6 
4 46 202 6 
4 46 192 6 
20 46 192 6 
27 49 181 6 
20 57 181 87 
20 57 181 87 
13 57 181 92 
13 57 181 92 
13 74 227 99 
21 84 212 110 
21 84 212 110 
22 84 227 110 
24 74 212 84 
39 72 207 84 
45 62 207 84 
45 62 207 84 
39 56 207 97 
45 56 220 109 
46 56 220 135 
46 56 212 140 
46 56 212 140 
51 84 209 140 
52 89 184 140 
122 102 171 102 
54 102 161 97 
54 102 161 97 
54 105 148 97 
100 105 148 102 
60 105 102 102 
100 105 102 105 
100 105 102 105 
60 79 148 115 
60 77 102 115 
77 77 125 112 
69 77 10 94 
69 77 10 94 
69 69 10 84 
69 69 107 69 
69 69 74 59 
69 69 74 59 
69 69 74 59 
74 74 69 59 
74 74 10 59 
72 72 10 67 
69 51 10 67 
69 51 10 67 
59 51 15 77 
59 51 15 79 
59 62 11 79 
64 64 11 82 
64 64 11 82 
67 67 11 79 
67 64 46 74 
64 59 49 61 
57 59 49 54 
57 59 49 54 
57 59 49 46 
57 59 49 46 
59 62 57 46 
64 64 59 49 
64 64 59 49 
67 69 62 51 
72 74 62 51 
72 74 57 56 
69 59 57 56 
69 59 57 56 
51 49 57 54 
51 49 59 51 
51 49 59 51 
51 51 59 49 
51 51 59 49 
54 51 59 49 
54 54 69 49 
64 54 80 72 
79 72 80 72 
79 72 80 72 
89 64 85 77 
89 64 92 89 
74 64 113 59 
67 64 115 39 
67 64 115 39 
67 69 125 39 
74 82 133 39 
74 85 146 51 
74 92 151 56 
74 92 151 56 
74 85 174 56 
92 92 161 59 
62 102 171 67 
62 72 161 67 
62 72 161 67 
87 102 161 69 
87 102 166 72 
95 105 153 82 
95 112 153 87 
95 112 153 87 
100 105 136 87 
102 95 105 56 
100 92 77 51 
69 62 74 39 
69 62 74 39 
41 33 49 30 
14 13 26 30 
13 13 23 30 
13 13 23 30 
13 13 23 30 
13 13 23 33 
13 13 26 33 
13 13 39 33 
18 20 46 39 
18 20 46 39 
30 36 52 39 
46 51 52 39 
57 57 52 41 
57 57 52 41 
57 57 52 41 
51 54 36 46 
41 41 26 46 
39 41 26 46 
39 36 26 46 
39 36 26 46 
39 36 18 46 
39 36 18 44 
39 39 26 33 
44 46 26 25 
44 46 26 25 
44 57 41 25 
49 57 42 29 
56 57 49 29 
59 57 49 33 
59 57 49 33 
59 62 49 33 
61 62 54 33 
64 67 64 30 
64 67 138 30 
64 67 138 30 
64 92 146 30 
92 102 138 28 
102 102 138 21 
102 64 96 21 
102 64 96 21 
102 51 44 21 
54 51 44 31 
54 51 44 39 
51 41 44 44 
51 41 44 44 
51 41 46 49 
51 41 49 51 
51 57 57 59 
51 57 57 49 
51 57 57 49 
57 59 18 31 
57 59 18 31 
57 59 18 24 
62 59 23 6 
62 59 23 6 
62 59 37 5 
59 59 39 5 
59 59 44 5 
59 59 46 33 
59 59 46 33 
59 59 49 46 
59 62 52 46 
67 72 57 49 
95 92 57 51 
95 92 57 51 
97 97 57 54 
97 97 57 67 
102 102 120 82 
112 102 131 94 
112 102 131 94 
132 102 131 107 
132 102 141 107 
64 64 138 117 
64 64 151 137 
64 64 151 137 
64 64 138 97 
69 74 100 142 
87 79 87 150 
95 89 75 140 
95 89 75 140 
97 97 75 140 
105 100 75 140 
95 97 136 125 
94 77 136 92 
94 77 136 92 
82 56 128 92 
56 54 108 99 
46 44 103 99 
39 39 92 99 
39 39 92 99 
39 39 87 94 
39 39 77 92 
69 64 64 84 
69 64 52 79 
69 64 52 79 
59 57 44 69 
54 54 44 46 
54 54 42 39 
54 54 42 33 
54 54 42 33 
105 72 46 25 
105 72 52 20 
102 46 207 20 
54 46 207 20 
54 46 207 20 
54 46 204 39 
54 57 186 44 
72 74 179 39 
79 82 169 36 
79 82 169 36 
79 82 169 36 
87 89 169 36 
97 100 207 41 
79 122 207 117 
79 122 207 117 
128 122 100 117 
74 102 59 23 
67 97 41 6 
49 51 41 6 
49 51 41 6 
11 51 41 6 
11 51 41 6 
11 59 39 36 
14 67 39 36 
14 67 39 36 
16 67 39 36 
25 69 41 36 
22 69 64 59 
27 89 75 77 
27 89 75 77 
22 89 75 82 
22 89 85 94 
27 44 98 100 
30 44 97 100 
30 44 97 100 
39 44 97 105 
39 62 72 89 
54 92 72 89 
19 92 72 112 
19 92 72 112 
15 92 113 107 
7 84 145 110 
7 82 145 110 
15 77 145 110 
15 77 145 110 
18 74 145 115 
23 62 156 115 
21 59 176 100 
21 57 185 100 
21 57 185 100 
21 57 201 100 
21 57 201 132 
32 57 219 135 
51 102 201 145 
51 102 201 145 
32 105 201 150 
25 120 201 150 
25 120 201 140 
6 105 201 140 
6 105 201 140 
6 105 197 140 
67 102 207 137 
106 105 166 109 
130 105 166 107 
130 105 166 107 
130 102 202 77 
130 105 202 56 
130 105 202 56 
173 105 211 56 
173 105 211 56 
173 196 201 66 
199 199 185 74 
173 199 186 92 
56 224 185 102 
56 224 185 102 
56 224 185 112 
56 57 182 117 
56 57 179 132 
60 57 174 132 
60 57 174 132 
60 59 169 137 
72 82 158 125 
79 82 151 77 
79 82 146 69 
79 82 146 69 
92 92 141 59 
92 92 130 51 
100 100 123 51 
110 102 118 51 
110 102 118 51 
112 102 105 92 
117 102 105 97 
130 105 105 97 
135 79 113 109 
135 79 113 109 
140 79 118 109 
140 145 207 122 
102 107 207 140 
102 138 207 140 
102 138 207 140 
102 125 209 140 
102 125 209 140 
122 125 209 67 
125 122 220 67 
125 122 220 67 
122 107 237 67 
105 107 237 79 
102 102 227 105 
100 107 225 117 
100 107 225 117 
100 105 214 117 
92 100 202 82 
51 54 192 82 
51 54 184 82 
51 54 184 82 
51 54 176 82 
62 64 166 54 
64 64 151 54 
79 82 141 54 
79 82 141 54 
87 89 130 59 
102 100 105 64 
105 105 92 72 
105 100 77 79 
105 100 77 79 
105 100 77 84 
105 100 77 89 
97 89 217 97 
97 87 217 102 
97 87 217 102 
115 87 219 107 
102 87 217 110 
102 97 212 120 
102 102 207 122 
102 102 207 122 
102 133 199 127 
84 133 184 135 
84 133 176 137 
100 82 169 137 
100 82 169 137 
92 82 169 64 
100 82 161 56 
100 94 136 56 
100 102 3 56 
100 102 3 56 
105 102 3 64 
112 117 3 74 
133 117 3 92 
138 140 4 92 
138 140 4 92 
138 140 4 92 
143 102 69 112 
148 102 69 87 
171 102 69 110 
171 102 69 110 
176 102 38 62 
176 176 38 62 
115 176 169 82 
102 176 169 62 
102 176 169 62 
102 56 169 70 
59 56 169 14 
59 56 176 14 
59 64 182 70 
59 64 182 70 
64 69 190 110 
74 77 191 117 
92 95 190 117 
100 102 188 122 
100 102 188 122 
102 102 188 150 
102 102 177 150 
102 122 175 64 
128 148 175 64 
128 148 175 64 
135 148 154 64 
128 155 153 77 
128 166 153 102 
181 120 153 117 
181 120 153 117 
115 102 194 130 
100 62 194 140 
69 62 194 140 
69 62 184 140 
69 62 184 140 
64 72 169 140 
69 97 161 140 
77 102 148 140 
100 97 133 140 
100 97 133 140 
102 117 123 92 
105 117 123 92 
107 122 123 92 
125 125 207 143 
125 125 207 143 
125 122 220 150 
89 92 222 150 
89 92 222 150 
89 92 222 150 
89 92 222 150 
97 100 222 153 
105 110 222 150 
130 125 209 140 
130 135 207 140 
130 135 207 140 
130 143 204 140 
102 153 204 140 
102 171 204 140 
102 193 207 62 
102 193 207 62 
171 193 207 49 
191 133 204 49 
191 105 202 54 
54 54 192 54 
54 54 192 54 
54 54 184 67 
54 54 181 79 
69 69 181 92 
77 79 169 102 
77 79 169 102 
84 89 181 93 
92 92 204 93 
95 97 204 93 
97 100 204 43 
97 100 204 43 
97 100 204 43 
97 107 227 43 
102 122 212 43 
102 122 227 2 
102 122 227 2 
100 107 227 2 
115 107 212 2 
115 100 227 150 
117 100 220 150 
117 100 220 150 
125 100 209 150 
117 100 207 77 
